0.04229171444638524235415388830006122589111328125
0.6365170773488610933554809889756143093109130859375
1.046800781264192181652106228284537792205810546875
1.332986984966350263448475743643939495086669921875
1.659991426827918559183672186918556690216064453125
1.872722263506513940001241280697286128997802734375
2.17963625385747405971414991654455661773681640625
2.33779585634641051683502155356109142303466796875
2.6526121656923606906275381334125995635986328125
2.7508713043680614873665035702288150787353515625
